{
    "camera_angle_x": 0.6911112070083618,
    "frames": [
        {
            "file_path": "./train/r_0",
            "rotation": 0.031415926535897934,
            "transform_matrix": [
                [
                    -1.0,
                    0.0,
                    0.0,
                    0.0
                ],
                [
                    0.0,
                    -0.7341099977493286,
                    0.6790306568145752,
                    0.5474520206451416
                ],
                [
                    0.0,
                    0.6790306568145752,
                    0.7341099381446838,
                    0.5918583393096924
                ],
                [
                    0.0,
                    0.0,
                    0.0,
                    1.0
                ]
            ]
        },
        {
            "file_path": "./train/r_1",
            "rotation": 0.031415926535897934,
            "transform_matrix": [
                [
                    -0.9980267286300659,
                    0.04609514772891998,
                    -0.042636688798666,
                    -0.034374797344207765
                ],
                [
                    -0.06279052048921585,
                    -0.7326614260673523,
                    0.6776907444000244,
                    0.5463717460632325
                ],
                [
                    -3.7252898543727042e-09,
                    0.6790306568145752,
                    0.7341099381446838,
                    0.5918583393096924
                ],
                [
                    0.0,
                    0.0,
                    0.0,
                    1.0
                ]
            ]
        },
        {
            "file_path": "./train/r_2",
            "rotation": 0.031415926535897934,
            "transform_matrix": [
                [
                    -0.9921147227287292,
                    0.09199368208646774,
                    -0.08512099832296371,
                    -0.06862674355506897
                ],
                [
                    -0.12533323466777802,
                    -0.7282049655914307,
                    0.6738020777702332,
                    0.5432365894317627
                ],
                [
                    0.0,
                    0.6791574358940125,
                    0.7339926958084106,
                    0.5917638301849365
                ],
                [
                    0.0,
                    0.0,
                    0.0,
                    1.0
                ]
            ]
        },
        {
            "file_path": "./train/r_3",
            "rotation": 0.031415926535897934,
            "transform_matrix": [
                [
                    -0.9822872877120972,
                    0.13747061789035797,
                    -0.1273326426744461,
                    -0.10265884399414063
                ],
                [
                    -0.1873813420534134,
                    -0.72064608335495,
                    0.6675010323524475,
                    0.5381564617156983
                ],
                [
                    1.4901159417490817e-08,
                    0.6795374751091003,
                    0.7336408495903015,
                    0.5914801120758056
                ],
                [
                    0.0,
                    0.0,
                    0.0,
                    1.0
                ]
            ]
        },
        {
            "file_path": "./train/r_4",
            "rotation": 0.031415926535897934,
            "transform_matrix": [
                [
                    -0.9685832262039185,
                    0.18230323493480682,
                    -0.1691514402627945,
                    -0.13637423515319824
                ],
                [
                    -0.2486899346113205,
                    -0.7100241184234619,
                    0.6588013172149658,
                    0.5311425685882568
                ],
                [
                    7.450580596923828e-09,
                    0.6801700592041016,
                    0.7330543994903564,
                    0.5910072803497315
                ],
                [
                    0.0,
                    0.0,
                    0.0,
                    1.0
                ]
            ]
        },
        {
            "file_path": "./train/r_5",
            "rotation": 0.031415926535897934,
            "transform_matrix": [
                [
                    -0.9510564804077148,
                    0.22627252340316772,
                    -0.21045728027820587,
                    -0.16967608928680422
                ],
                [
                    -0.30901700258255005,
                    -0.6963951587677002,
                    0.6477208733558655,
                    0.5222092628479004
                ],
                [
                    1.4901159417490817e-08,
                    0.6810540556907654,
                    0.7322331666946411,
                    0.5903452396392822
                ],
                [
                    0.0,
                    0.0,
                    0.0,
                    1.0
                ]
            ]
        },
        {
            "file_path": "./train/r_6",
            "rotation": 0.031415926535897934,
            "transform_matrix": [
                [
                    -0.9297765493392944,
                    0.26916423439979553,
                    -0.25113001465797424,
                    -0.20246748924255373
                ],
                [
                    -0.3681245744228363,
                    -0.6798312664031982,
                    0.6342819929122925,
                    0.5113745212554932
                ],
                [
                    0.0,
                    0.6821876764297485,
                    0.7311770915985107,
                    0.5894938468933105
                ],
                [
                    0.0,
                    0.0,
                    0.0,
                    1.0
                ]
            ]
        },
        {
            "file_path": "./train/r_7",
            "rotation": 0.031415926535897934,
            "transform_matrix": [
                [
                    -0.9048271179199219,
                    0.3107704222202301,
                    -0.29104936122894287,
                    -0.2346514940261841
                ],
                [
                    -0.4257793426513672,
                    -0.6604207754135132,
                    0.6185113787651062,
                    0.4986598014831543
                ],
                [
                    0.0,
                    0.6835686564445496,
                    0.7298862338066101,
                    0.5884531021118165
                ],
                [
                    0.0,
                    0.0,
                    0.0,
                    1.0
                ]
            ]
        },
        {
            "file_path": "./train/r_8",
            "rotation": 0.031415926535897934,
            "transform_matrix": [
                [
                    -0.8763066530227661,
                    0.35089030861854553,
                    -0.3300949037075043,
                    -0.2661310195922852
                ],
                [
                    -0.48175370693206787,
                    -0.6382669806480408,
                    0.6004403233528137,
                    0.4840904712677002
                ],
                [
                    1.4901161193847656e-08,
                    0.6851943135261536,
                    0.7283602952957153,
                    0.5872228622436524
                ],
                [
                    0.0,
                    0.0,
                    0.0,
                    1.0
                ]
            ]
        },
        {
            "file_path": "./train/r_9",
            "rotation": 0.031415926535897934,
            "transform_matrix": [
                [
                    -0.844327986240387,
                    0.38933131098747253,
                    -0.36814603209495544,
                    -0.29680881500244144
                ],
                [
                    -0.5358268618583679,
                    -0.6134878993034363,
                    0.5801052451133728,
                    0.46769580841064456
                ],
                [
                    0.0,
                    0.6870615482330322,
                    0.7265991568565369,
                    0.585802984237671
                ],
                [
                    0.0,
                    0.0,
                    0.0,
                    1.0
                ]
            ]
        },
        {
            "file_path": "./train/r_10",
            "rotation": 0.031415926535897934,
            "transform_matrix": [
                [
                    -0.8090169429779053,
                    0.4259108901023865,
                    -0.405082106590271,
                    -0.32658765316009525
                ],
                [
                    -0.5877853631973267,
                    -0.5862159132957458,
                    0.5575475692749023,
                    0.4495092868804932
                ],
                [
                    1.4901161193847656e-08,
                    0.6891667246818542,
                    0.7246026992797852,
                    0.5841934204101563
                ],
                [
                    0.0,
                    0.0,
                    0.0,
                    1.0
                ]
            ]
        },
        {
            "file_path": "./train/r_11",
            "rotation": 0.031415926535897934,
            "transform_matrix": [
                [
                    -0.7705132961273193,
                    0.4604564905166626,
                    -0.44078242778778076,
                    -0.3553701639175415
                ],
                [
                    -0.6374240517616272,
                    -0.5565962195396423,
                    0.5328143835067749,
                    0.4295686721801758
                ],
                [
                    1.4901162970204496e-08,
                    0.6915058493614197,
                    0.7223708629608154,
                    0.582394027709961
                ],
                [
                    0.0,
                    0.0,
                    0.0,
                    1.0
                ]
            ]
        },
        {
            "file_path": "./train/r_12",
            "rotation": 0.031415926535897934,
            "transform_matrix": [
                [
                    -0.7289685606956482,
                    0.49280792474746704,
                    -0.4751265048980713,
                    -0.38305923938751224
                ],
                [
                    -0.6845472455024719,
                    -0.5247870087623596,
                    0.5059581995010376,
                    0.4079165458679199
                ],
                [
                    -1.4901162970204496e-08,
                    0.6940741539001465,
                    0.7199034690856934,
                    0.5804047584533691
                ],
                [
                    0.0,
                    0.0,
                    0.0,
                    1.0
                ]
            ]
        },
        {
            "file_path": "./train/r_13",
            "rotation": 0.031415926535897934,
            "transform_matrix": [
                [
                    -0.6845470666885376,
                    0.5228167772293091,
                    -0.5079941153526306,
                    -0.40955796241760256
                ],
                [
                    -0.7289687395095825,
                    -0.4909575283527374,
                    0.47703811526298523,
                    0.38460042476654055
                ],
                [
                    0.0,
                    0.6968668103218079,
                    0.717200517654419,
                    0.5782255649566651
                ],
                [
                    0.0,
                    0.0,
                    0.0,
                    1.0
                ]
            ]
        },
        {
            "file_path": "./train/r_14",
            "rotation": 0.031415926535897934,
            "transform_matrix": [
                [
                    -0.6374239325523376,
                    0.5503484010696411,
                    -0.5392656326293945,
                    -0.434769868850708
                ],
                [
                    -0.7705134153366089,
                    -0.4552876353263855,
                    0.44611918926239014,
                    0.35967278480529785
                ],
                [
                    0.0,
                    0.6998783946037292,
                    0.7142620086669922,
                    0.5758564472198486
                ],
                [
                    0.0,
                    0.0,
                    0.0,
                    1.0
                ]
            ]
        },
        {
            "file_path": "./train/r_15",
            "rotation": 0.031415926535897934,
            "transform_matrix": [
                [
                    -0.5877850651741028,
                    0.5752823948860168,
                    -0.5688223838806152,
                    -0.45859928131103517
                ],
                [
                    -0.8090171813964844,
                    -0.41796690225601196,
                    0.4132734537124634,
                    0.33319170475006105
                ],
                [
                    0.0,
                    0.7031030058860779,
                    0.7110880017280579,
                    0.5732975006103516
                ],
                [
                    0.0,
                    0.0,
                    0.0,
                    1.0
                ]
            ]
        },
        {
            "file_path": "./train/r_16",
            "rotation": 0.031415926535897934,
            "transform_matrix": [
                [
                    -0.5358266830444336,
                    0.5975128412246704,
                    -0.5965467691421509,
                    -0.48095140457153324
                ],
                [
                    -0.8443280458450317,
                    -0.37919309735298157,
                    0.3785799741744995,
                    0.30522093772888187
                ],
                [
                    -2.980232594040899e-08,
                    0.7065344452857971,
                    0.7076786160469055,
                    0.5705487728118896
                ],
                [
                    0.0,
                    0.0,
                    0.0,
                    1.0
                ]
            ]
        },
        {
            "file_path": "./train/r_17",
            "rotation": 0.031415926535897934,
            "transform_matrix": [
                [
                    -0.48175346851348877,
                    0.6169499754905701,
                    -0.622323215007782,
                    -0.5017330646514893
                ],
                [
                    -0.8763067722320557,
                    -0.3391709327697754,
                    0.34212490916252136,
                    0.27582995891571044
                ],
                [
                    1.4901161193847656e-08,
                    0.7101660370826721,
                    0.704034149646759,
                    0.5676105499267579
                ],
                [
                    0.0,
                    0.0,
                    0.0,
                    1.0
                ]
            ]
        },
        {
            "file_path": "./train/r_18",
            "rotation": 0.031415926535897934,
            "transform_matrix": [
                [
                    -0.4257790148258209,
                    0.6335194110870361,
                    -0.6460382342338562,
                    -0.5208526611328125
                ],
                [
                    -0.9048270583152771,
                    -0.2981114089488983,
                    0.3040023446083069,
                    0.24509453773498535
                ],
                [
                    1.4901158529312397e-08,
                    0.7139907479286194,
                    0.7001551389694214,
                    0.564483118057251
                ],
                [
                    0.0,
                    0.0,
                    0.0,
                    1.0
                ]
            ]
        },
        {
            "file_path": "./train/r_19",
            "rotation": 0.031415926535897934,
            "transform_matrix": [
                [
                    -0.3681242763996124,
                    0.6471632719039917,
                    -0.6675808429718018,
                    -0.5382208824157715
                ],
                [
                    -0.9297766089439392,
                    -0.25622984766960144,
                    0.2643137276172638,
                    0.21309654712677004
                ],
                [
                    0.0,
                    0.7180013656616211,
                    0.6960417032241821,
                    0.5611667633056641
                ],
                [
                    0.0,
                    0.0,
                    0.0,
                    1.0
                ]
            ]
        },
        {
            "file_path": "./train/r_20",
            "rotation": 0.031415926535897934,
            "transform_matrix": [
                [
                    -0.30901676416397095,
                    0.6578409075737,
                    -0.6868434548377991,
                    -0.5537508964538574
                ],
                [
                    -0.9510566592216492,
                    -0.21374528110027313,
                    0.2231687754392624,
                    0.17992441654205324
                ],
                [
                    0.0,
                    0.7221899032592773,
                    0.6916947960853577,
                    0.5576622009277344
                ],
                [
                    0.0,
                    0.0,
                    0.0,
                    1.0
                ]
            ]
        },
        {
            "file_path": "./train/r_21",
            "rotation": 0.031415926535897934,
            "transform_matrix": [
                [
                    -0.24868960678577423,
                    0.6655282974243164,
                    -0.7037227153778076,
                    -0.5673593997955323
                ],
                [
                    -0.9685831665992737,
                    -0.17087841033935547,
                    0.18068505823612213,
                    0.1456729531288147
                ],
                [
                    0.0,
                    0.7265485525131226,
                    0.6871151328086853,
                    0.5539699554443359
                ],
                [
                    0.0,
                    0.0,
                    0.0,
                    1.0
                ]
            ]
        },
        {
            "file_path": "./train/r_22",
            "rotation": 0.031415926535897934,
            "transform_matrix": [
                [
                    -0.18738099932670593,
                    0.6702184677124023,
                    -0.7181195616722107,
                    -0.5789665222167969
                ],
                [
                    -0.9822872877120972,
                    -0.12785077095031738,
                    0.13698838651180267,
                    0.1104435682296753
                ],
                [
                    7.450580596923828e-09,
                    0.7310687303543091,
                    0.682303786277771,
                    0.5500908851623535
                ],
                [
                    0.0,
                    0.0,
                    0.0,
                    1.0
                ]
            ]
        },
        {
            "file_path": "./train/r_23",
            "rotation": 0.031415926535897934,
            "transform_matrix": [
                [
                    -0.12533289194107056,
                    0.67192143201828,
                    -0.7299405336380005,
                    -0.5884968757629395
                ],
                [
                    -0.992114782333374,
                    -0.0848831832408905,
                    0.09221267700195312,
                    0.07434423565864563
                ],
                [
                    -3.725290298461914e-09,
                    0.7357420921325684,
                    0.6772618293762207,
                    0.5460259437561036
                ],
                [
                    0.0,
                    0.0,
                    0.0,
                    1.0
                ]
            ]
        },
        {
            "file_path": "./train/r_24",
            "rotation": 0.031415926535897934,
            "transform_matrix": [
                [
                    -0.062790147960186,
                    0.6706648468971252,
                    -0.739098072052002,
                    -0.5958799362182617
                ],
                [
                    -0.9980267882347107,
                    -0.04219440743327141,
                    0.0464998334646225,
                    0.03748936355113983
                ],
                [
                    -1.862645149230957e-09,
                    0.7405593395233154,
                    0.6719908714294434,
                    0.5417763710021973
                ],
                [
                    0.0,
                    0.0,
                    0.0,
                    1.0
                ]
            ]
        },
        {
            "file_path": "./train/r_25",
            "rotation": 0.031415926535897934,
            "transform_matrix": [
                [
                    4.013392072010902e-07,
                    0.6664924621582031,
                    -0.7455117702484131,
                    -0.6010508060455323
                ],
                [
                    -1.0,
                    2.6748955406219466e-07,
                    -2.992030943005375e-07,
                    -2.4122525701386624e-07
                ],
                [
                    0.0,
                    0.7455117702484131,
                    0.6664924621582031,
                    0.5373434066772461
                ],
                [
                    0.0,
                    0.0,
                    0.0,
                    1.0
                ]
            ]
        },
        {
            "file_path": "./train/r_26",
            "rotation": 0.031415926535897934,
            "transform_matrix": [
                [
                    0.06279095262289047,
                    0.6594647169113159,
                    -0.7491084933280945,
                    -0.603950595855713
                ],
                [
                    -0.9980267882347107,
                    0.04149028658866882,
                    -0.04713023453950882,
                    -0.037997609376907354
                ],
                [
                    0.0,
                    0.7505896687507629,
                    0.6607686281204224,
                    0.5327287197113038
                ],
                [
                    0.0,
                    0.0,
                    0.0,
                    1.0
                ]
            ]
        },
        {
            "file_path": "./train/r_27",
            "rotation": 0.031415926535897934,
            "transform_matrix": [
                [
                    0.12533369660377502,
                    0.6496580243110657,
                    -0.7498238682746887,
                    -0.6045273303985597
                ],
                [
                    -0.9921146631240845,
                    0.0820712000131607,
                    -0.09472513198852539,
                    -0.07636984586715699
                ],
                [
                    0.0,
                    0.7557834982872009,
                    0.654821515083313,
                    0.5279339790344239
                ],
                [
                    0.0,
                    0.0,
                    0.0,
                    1.0
                ]
            ]
        },
        {
            "file_path": "./train/r_28",
            "rotation": 0.031415926535897934,
            "transform_matrix": [
                [
                    0.187381774187088,
                    0.6371641159057617,
                    -0.7476027607917786,
                    -0.6027366161346436
                ],
                [
                    -0.9822871685028076,
                    0.12154586613178253,
                    -0.1426132172346115,
                    -0.11497845649719239
                ],
                [
                    0.0,
                    0.7610836029052734,
                    0.6486536860466003,
                    0.5229613304138184
                ],
                [
                    0.0,
                    0.0,
                    0.0,
                    1.0
                ]
            ]
        },
        {
            "file_path": "./train/r_29",
            "rotation": 0.031415926535897934,
            "transform_matrix": [
                [
                    0.2486903965473175,
                    0.6220898032188416,
                    -0.7423997521400452,
                    -0.5985418319702148
                ],
                [
                    -0.9685831069946289,
                    0.1597258448600769,
                    -0.19061626493930817,
                    -0.15367975234985354
                ],
                [
                    -7.450581485102248e-09,
                    0.7664802670478821,
                    0.6422678232192993,
                    0.5178128719329834
                ],
                [
                    0.0,
                    0.0,
                    0.0,
                    1.0
                ]
            ]
        },
        {
            "file_path": "./train/r_30",
            "rotation": 0.031415926535897934,
            "transform_matrix": [
                [
                    0.30901750922203064,
                    0.6045553088188171,
                    -0.7341805100440979,
                    -0.5919152736663819
                ],
                [
                    -0.9510563611984253,
                    0.19643229246139526,
                    -0.23855014145374298,
                    -0.19232527017593384
                ],
                [
                    0.0,
                    0.7719632387161255,
                    0.6356672048568726,
                    0.5124912738800049
                ],
                [
                    0.0,
                    0.0,
                    0.0,
                    1.0
                ]
            ]
        },
        {
            "file_path": "./train/r_31",
            "rotation": 0.031415926535897934,
            "transform_matrix": [
                [
                    0.3681250810623169,
                    0.5846946239471436,
                    -0.7229219675064087,
                    -0.5828383445739747
                ],
                [
                    -0.9297763109207153,
                    0.2314973771572113,
                    -0.2862255275249481,
                    -0.2307624101638794
                ],
                [
                    1.4901161193847656e-08,
                    0.7775225043296814,
                    0.6288551092147827,
                    0.5069992065429688
                ],
                [
                    0.0,
                    0.0,
                    0.0,
                    1.0
                ]
            ]
        },
        {
            "file_path": "./train/r_32",
            "rotation": 0.031415926535897934,
            "transform_matrix": [
                [
                    0.42577987909317017,
                    0.5626534223556519,
                    -0.7086131572723389,
                    -0.5713022232055665
                ],
                [
                    -0.9048268795013428,
                    0.26476502418518066,
                    -0.333448588848114,
                    -0.26883485317230227
                ],
                [
                    -1.4901162970204496e-08,
                    0.7831478714942932,
                    0.621835470199585,
                    0.5013397693634033
                ],
                [
                    0.0,
                    0.0,
                    0.0,
                    1.0
                ]
            ]
        },
        {
            "file_path": "./train/r_33",
            "rotation": 0.031415926535897934,
            "transform_matrix": [
                [
                    0.4817541837692261,
                    0.5385887622833252,
                    -0.6912562251091003,
                    -0.557308578491211
                ],
                [
                    -0.8763064742088318,
                    0.29609206318855286,
                    -0.3800218403339386,
                    -0.3063834190368653
                ],
                [
                    -1.4901161193847656e-08,
                    0.7888293862342834,
                    0.6146122813224792,
                    0.4955162525177002
                ],
                [
                    0.0,
                    0.0,
                    0.0,
                    1.0
                ]
            ]
        },
        {
            "file_path": "./train/r_34",
            "rotation": 0.031415926535897934,
            "transform_matrix": [
                [
                    0.5358273386955261,
                    0.5126674771308899,
                    -0.6708659529685974,
                    -0.540869426727295
                ],
                [
                    -0.8443276286125183,
                    0.3253491222858429,
                    -0.4257450997829437,
                    -0.3432466745376587
                ],
                [
                    -1.4901161193847656e-08,
                    0.7945564985275269,
                    0.6071901917457581,
                    0.4895323753356934
                ],
                [
                    0.0,
                    0.0,
                    0.0,
                    1.0
                ]
            ]
        },
        {
            "file_path": "./train/r_35",
            "rotation": 0.031415926535897934,
            "transform_matrix": [
                [
                    0.5877857804298401,
                    0.48506537079811096,
                    -0.64747154712677,
                    -0.5220082759857178
                ],
                [
                    -0.8090166449546814,
                    0.3524211347103119,
                    -0.47041627764701843,
                    -0.37926173210144043
                ],
                [
                    1.4901161193847656e-08,
                    0.800319254398346,
                    0.5995740294456482,
                    0.4833920478820801
                ],
                [
                    0.0,
                    0.0,
                    0.0,
                    1.0
                ]
            ]
        },
        {
            "file_path": "./train/r_36",
            "rotation": 0.031415926535897934,
            "transform_matrix": [
                [
                    0.637424647808075,
                    0.4559655785560608,
                    -0.6211161017417908,
                    -0.5007598400115967
                ],
                [
                    -0.7705128192901611,
                    0.3772081434726715,
                    -0.5138327479362488,
                    -0.4142652034759522
                ],
                [
                    0.0,
                    0.8061074614524841,
                    0.5917690396308899,
                    0.4770994663238526
                ],
                [
                    0.0,
                    0.0,
                    0.0,
                    1.0
                ]
            ]
        },
        {
            "file_path": "./train/r_37",
            "rotation": 0.031415926535897934,
            "transform_matrix": [
                [
                    0.6845476031303406,
                    0.4255577623844147,
                    -0.5918574333190918,
                    -0.4771707057952881
                ],
                [
                    -0.7289682030677795,
                    0.39962583780288696,
                    -0.5557918548583984,
                    -0.4480937480926514
                ],
                [
                    -1.4901162970204496e-08,
                    0.8119112253189087,
                    0.5837808847427368,
                    0.4706592082977295
                ],
                [
                    0.0,
                    0.0,
                    0.0,
                    1.0
                ]
            ]
        },
        {
            "file_path": "./train/r_38",
            "rotation": 0.031415926535897934,
            "transform_matrix": [
                [
                    0.728969156742096,
                    0.394035667181015,
                    -0.5597676634788513,
                    -0.4512991428375244
                ],
                [
                    -0.6845465302467346,
                    0.4196060299873352,
                    -0.596092939376831,
                    -0.48058547973632815
                ],
                [
                    1.4901162970204496e-08,
                    0.817720353603363,
                    0.5756155848503113,
                    0.46407613754272464
                ],
                [
                    0.0,
                    0.0,
                    0.0,
                    1.0
                ]
            ]
        },
        {
            "file_path": "./train/r_39",
            "rotation": 0.031415926535897934,
            "transform_matrix": [
                [
                    0.7705137133598328,
                    0.3615972399711609,
                    -0.5249342918395996,
                    -0.4232155799865723
                ],
                [
                    -0.6374233961105347,
                    0.4370966851711273,
                    -0.6345375776290894,
                    -0.5115805625915527
                ],
                [
                    0.0,
                    0.8235253095626831,
                    0.5672795176506042,
                    0.4573553562164307
                ],
                [
                    0.0,
                    0.0,
                    0.0,
                    1.0
                ]
            ]
        },
        {
            "file_path": "./train/r_40",
            "rotation": 0.031415926535897934,
            "transform_matrix": [
                [
                    0.8090174198150635,
                    0.3284419775009155,
                    -0.48745936155319214,
                    -0.39300231933593754
                ],
                [
                    -0.5877846479415894,
                    0.45206233859062195,
                    -0.670931339263916,
                    -0.5409221649169922
                ],
                [
                    0.0,
                    0.8293163180351257,
                    0.5587794184684753,
                    0.4505023956298828
                ],
                [
                    0.0,
                    0.0,
                    0.0,
                    1.0
                ]
            ]
        },
        {
            "file_path": "./train/r_41",
            "rotation": 0.031415926535897934,
            "transform_matrix": [
                [
                    0.8443282842636108,
                    0.2947700619697571,
                    -0.44745978713035583,
                    -0.360753607749939
                ],
                [
                    -0.5358260869979858,
                    0.4644840955734253,
                    -0.705085039138794,
                    -0.5684577465057373
                ],
                [
                    0.0,
                    0.8350839614868164,
                    0.5501224994659424,
                    0.44352293014526367
                ],
                [
                    0.0,
                    0.0,
                    0.0,
                    1.0
                ]
            ]
        },
        {
            "file_path": "./train/r_42",
            "rotation": 0.031415926535897934,
            "transform_matrix": [
                [
                    0.8763071298599243,
                    0.2607807517051697,
                    -0.40506699681282043,
                    -0.32657546997070314
                ],
                [
                    -0.4817529618740082,
                    0.474359393119812,
                    -0.7368156313896179,
                    -0.59403977394104
                ],
                [
                    0.0,
                    0.8408190011978149,
                    0.5413163304328918,
                    0.4364232063293457
                ],
                [
                    0.0,
                    0.0,
                    0.0,
                    1.0
                ]
            ]
        },
        {
            "file_path": "./train/r_43",
            "rotation": 0.031415926535897934,
            "transform_matrix": [
                [
                    0.9048275351524353,
                    0.22667117416858673,
                    -0.36042681336402893,
                    -0.29058539867401123
                ],
                [
                    -0.42577850818634033,
                    0.48170191049575806,
                    -0.7659477591514587,
                    -0.6175268173217774
                ],
                [
                    1.4901162970204496e-08,
                    0.8465124368667603,
                    0.5323688387870789,
                    0.42920947074890137
                ],
                [
                    0.0,
                    0.0,
                    0.0,
                    1.0
                ]
            ]
        },
        {
            "file_path": "./train/r_44",
            "rotation": 0.031415926535897934,
            "transform_matrix": [
                [
                    0.9297768473625183,
                    0.19263479113578796,
                    -0.31369873881340027,
                    -0.2529120206832886
                ],
                [
                    -0.36812371015548706,
                    0.4865412712097168,
                    -0.7923146486282349,
                    -0.6387845039367677
                ],
                [
                    1.4901161193847656e-08,
                    0.8521557450294495,
                    0.5232881903648376,
                    0.42188844680786136
                ],
                [
                    0.0,
                    0.0,
                    0.0,
                    1.0
                ]
            ]
        },
        {
            "file_path": "./train/r_45",
            "rotation": 0.031415926535897934,
            "transform_matrix": [
                [
                    0.9510568380355835,
                    0.1588599979877472,
                    -0.2650555968284607,
                    -0.21369466781616211
                ],
                [
                    -0.3090161383152008,
